111111111111111111111111111111
100000000001000000000000000001
111000000111000000000000000001
100000000001000000000000000001
100000000001000000000000000001
100000000001000000000000000001
100000000001000000000000000001
100000000001000000000000000001
100000000001000000000000000001
100000000001000000000000000001
100000000001000000000000000001
110000000000000000000000000001
100000000000000000000000000001
100000000000000000000000000001
100000000000000000000000000001
100000000000000000000000000001
100000000000001111111110000001
100000000000000000000000000001
100000000000000000000000000001
100000000000000000000000000001
100000000000000000000000000011
100000000000000000000000000001
100000000000000000000000000001
100000000000000000000000000001
100000000000000000000000000001
100000011011111100000000000001
101000000001000000000000000001
101000000111000000000000000001
100000000000000000000000000001
111111111111111111111111111111
